{
 "cells": [
  {
   "cell_type": "markdown",
   "metadata": {},
   "source": [
    "# How I Developed a Real Automated Trading System Using Machine Learning\n",
    "\n",
    "Please note that this notebook is using a data set that you will not have access to and that feature names have been anonymized.  I also import a library called system_demo that will not be shared at this time.  The reason for this is that I am currently trading this system at my firm.\n",
    "\n",
    "I hope to use this notebook to illustrate how using EDA I determined which features were the most important.  It's actualy in this EDA step that I built my live system.  However, this notebook does take it a step further and show how to build an ML model for this data set.\n",
    "\n",
    "### 1. Understand the Problem\n",
    "\n",
    "This as a supervised classification problem.  The label column is % gain on the trade.  We will clasify a winning trade as 0.05% gain.  This may seem like a small gain but these trades and this data is for a system to hold trades for extremely short periods of time and to use high leverage."
   ]
  },
  {
   "cell_type": "code",
   "execution_count": 1,
   "metadata": {
    "collapsed": true
   },
   "outputs": [],
   "source": [
    "from system_demo import *\n",
    "import pandas as pd\n",
    "import numpy as np\n",
    "import matplotlib.pyplot as plt\n",
    "%matplotlib inline"
   ]
  },
  {
   "cell_type": "markdown",
   "metadata": {},
   "source": [
    "### 2. Data Collection & Cleaning"
   ]
  },
  {
   "cell_type": "code",
   "execution_count": 2,
   "metadata": {
    "collapsed": false
   },
   "outputs": [],
   "source": [
    "#Load raw data\n",
    "full_df = load_filtered_df('2017 Jan-May Data.csv')"
   ]
  },
  {
   "cell_type": "code",
   "execution_count": 3,
   "metadata": {
    "collapsed": false
   },
   "outputs": [],
   "source": [
    "#Add custom features - from system_demo\n",
    "full_df = add_new_features(full_df)"
   ]
  },
  {
   "cell_type": "code",
   "execution_count": 4,
   "metadata": {
    "collapsed": false
   },
   "outputs": [
    {
     "data": {
      "text/html": [
       "<div>\n",
       "<table border=\"1\" class=\"dataframe\">\n",
       "  <thead>\n",
       "    <tr style=\"text-align: right;\">\n",
       "      <th></th>\n",
       "      <th>Date</th>\n",
       "      <th>X1</th>\n",
       "      <th>X2</th>\n",
       "      <th>X3A</th>\n",
       "      <th>X3B</th>\n",
       "      <th>X3C</th>\n",
       "      <th>X4A</th>\n",
       "      <th>X4B</th>\n",
       "      <th>X4C</th>\n",
       "      <th>X5</th>\n",
       "      <th>X6A</th>\n",
       "      <th>X6B</th>\n",
       "      <th>X6C</th>\n",
       "      <th>X7</th>\n",
       "      <th>Label</th>\n",
       "    </tr>\n",
       "  </thead>\n",
       "  <tbody>\n",
       "    <tr>\n",
       "      <th>9</th>\n",
       "      <td>20170112</td>\n",
       "      <td>90900.0</td>\n",
       "      <td>2.16</td>\n",
       "      <td>66.33</td>\n",
       "      <td>0.35</td>\n",
       "      <td>0.23</td>\n",
       "      <td>1.330893</td>\n",
       "      <td>0.843228</td>\n",
       "      <td>0.904478</td>\n",
       "      <td>6050304.0</td>\n",
       "      <td>0.008403</td>\n",
       "      <td>-0.042017</td>\n",
       "      <td>-0.033613</td>\n",
       "      <td>0.0216</td>\n",
       "      <td>0.05</td>\n",
       "    </tr>\n",
       "    <tr>\n",
       "      <th>10</th>\n",
       "      <td>20170112</td>\n",
       "      <td>261800.0</td>\n",
       "      <td>1.21</td>\n",
       "      <td>59.20</td>\n",
       "      <td>0.07</td>\n",
       "      <td>0.04</td>\n",
       "      <td>4.768670</td>\n",
       "      <td>0.808025</td>\n",
       "      <td>0.880592</td>\n",
       "      <td>15509032.0</td>\n",
       "      <td>-0.000000</td>\n",
       "      <td>-0.008264</td>\n",
       "      <td>-0.000000</td>\n",
       "      <td>0.0121</td>\n",
       "      <td>-0.00</td>\n",
       "    </tr>\n",
       "    <tr>\n",
       "      <th>18</th>\n",
       "      <td>20170112</td>\n",
       "      <td>95300.0</td>\n",
       "      <td>1.18</td>\n",
       "      <td>96.14</td>\n",
       "      <td>0.23</td>\n",
       "      <td>0.22</td>\n",
       "      <td>0.672548</td>\n",
       "      <td>0.732513</td>\n",
       "      <td>0.850134</td>\n",
       "      <td>9141176.0</td>\n",
       "      <td>0.071685</td>\n",
       "      <td>0.060932</td>\n",
       "      <td>0.032258</td>\n",
       "      <td>0.0118</td>\n",
       "      <td>-0.03</td>\n",
       "    </tr>\n",
       "    <tr>\n",
       "      <th>21</th>\n",
       "      <td>20170112</td>\n",
       "      <td>65700.0</td>\n",
       "      <td>1.20</td>\n",
       "      <td>93.66</td>\n",
       "      <td>0.29</td>\n",
       "      <td>0.27</td>\n",
       "      <td>0.557725</td>\n",
       "      <td>0.717249</td>\n",
       "      <td>0.744898</td>\n",
       "      <td>6171201.0</td>\n",
       "      <td>0.039474</td>\n",
       "      <td>0.065789</td>\n",
       "      <td>0.065789</td>\n",
       "      <td>0.0120</td>\n",
       "      <td>0.05</td>\n",
       "    </tr>\n",
       "    <tr>\n",
       "      <th>26</th>\n",
       "      <td>20170112</td>\n",
       "      <td>68700.0</td>\n",
       "      <td>1.83</td>\n",
       "      <td>77.12</td>\n",
       "      <td>0.23</td>\n",
       "      <td>0.18</td>\n",
       "      <td>0.604222</td>\n",
       "      <td>0.535881</td>\n",
       "      <td>0.571072</td>\n",
       "      <td>5285778.0</td>\n",
       "      <td>0.078652</td>\n",
       "      <td>0.033708</td>\n",
       "      <td>0.056180</td>\n",
       "      <td>0.0183</td>\n",
       "      <td>-0.08</td>\n",
       "    </tr>\n",
       "  </tbody>\n",
       "</table>\n",
       "</div>"
      ],
      "text/plain": [
       "        Date        X1    X2    X3A   X3B   X3C       X4A       X4B       X4C  \\\n",
       "9   20170112   90900.0  2.16  66.33  0.35  0.23  1.330893  0.843228  0.904478   \n",
       "10  20170112  261800.0  1.21  59.20  0.07  0.04  4.768670  0.808025  0.880592   \n",
       "18  20170112   95300.0  1.18  96.14  0.23  0.22  0.672548  0.732513  0.850134   \n",
       "21  20170112   65700.0  1.20  93.66  0.29  0.27  0.557725  0.717249  0.744898   \n",
       "26  20170112   68700.0  1.83  77.12  0.23  0.18  0.604222  0.535881  0.571072   \n",
       "\n",
       "            X5       X6A       X6B       X6C      X7  Label  \n",
       "9    6050304.0  0.008403 -0.042017 -0.033613  0.0216   0.05  \n",
       "10  15509032.0 -0.000000 -0.008264 -0.000000  0.0121  -0.00  \n",
       "18   9141176.0  0.071685  0.060932  0.032258  0.0118  -0.03  \n",
       "21   6171201.0  0.039474  0.065789  0.065789  0.0120   0.05  \n",
       "26   5285778.0  0.078652  0.033708  0.056180  0.0183  -0.08  "
      ]
     },
     "execution_count": 4,
     "metadata": {},
     "output_type": "execute_result"
    }
   ],
   "source": [
    "#Anonymize data - from system_demo\n",
    "df = full_df[COLS_TO_SHOW].copy()\n",
    "df.columns = COL_NAMES\n",
    "df.head()"
   ]
  },
  {
   "cell_type": "code",
   "execution_count": 5,
   "metadata": {
    "collapsed": false
   },
   "outputs": [
    {
     "data": {
      "text/plain": [
       "Date       int64\n",
       "X1       float64\n",
       "X2       float64\n",
       "X3A      float64\n",
       "X3B      float64\n",
       "X3C      float64\n",
       "X4A      float64\n",
       "X4B      float64\n",
       "X4C      float64\n",
       "X5       float64\n",
       "X6A      float64\n",
       "X6B      float64\n",
       "X6C      float64\n",
       "X7       float64\n",
       "Label    float64\n",
       "dtype: object"
      ]
     },
     "execution_count": 5,
     "metadata": {},
     "output_type": "execute_result"
    }
   ],
   "source": [
    "df.dtypes"
   ]
  },
  {
   "cell_type": "code",
   "execution_count": 6,
   "metadata": {
    "collapsed": false
   },
   "outputs": [
    {
     "name": "stdout",
     "output_type": "stream",
     "text": [
      "<class 'pandas.core.frame.DataFrame'>\n",
      "Int64Index: 3664 entries, 9 to 9711\n",
      "Data columns (total 15 columns):\n",
      "Date     3664 non-null int64\n",
      "X1       3664 non-null float64\n",
      "X2       3664 non-null float64\n",
      "X3A      3664 non-null float64\n",
      "X3B      3664 non-null float64\n",
      "X3C      3664 non-null float64\n",
      "X4A      3664 non-null float64\n",
      "X4B      3664 non-null float64\n",
      "X4C      3664 non-null float64\n",
      "X5       3664 non-null float64\n",
      "X6A      3664 non-null float64\n",
      "X6B      3664 non-null float64\n",
      "X6C      3664 non-null float64\n",
      "X7       3664 non-null float64\n",
      "Label    3664 non-null float64\n",
      "dtypes: float64(14), int64(1)\n",
      "memory usage: 458.0 KB\n"
     ]
    }
   ],
   "source": [
    "df.info()"
   ]
  },
  {
   "cell_type": "markdown",
   "metadata": {},
   "source": [
    "Data looks good, all in numerical format and no null values to deal with.  One thing I will do here, before the exploratory data analysis, is to split my data into a train and test set.  \n",
    "\n",
    "Since this is time series data it would potentially be biased to sample randomly from the data set as we could be looking at future info to make predictions on older data points.  Therefore I will split the data by withholding the month of May as my test set."
   ]
  },
  {
   "cell_type": "code",
   "execution_count": 7,
   "metadata": {
    "collapsed": false
   },
   "outputs": [],
   "source": [
    "#Split into train & test sets -> do not want look-ahead bias during EDA\n",
    "df_train = df[df['Date'] < 20170501].copy()\n",
    "df_test = df[df['Date'] >= 20170501].copy()"
   ]
  },
  {
   "cell_type": "markdown",
   "metadata": {},
   "source": [
    "### 3. Explore & Understand the Data\n",
    "\n",
    "First let's get a basic feel for the data we have, then look at which variables can drive the results the most.\n",
    "\n",
    "##### Quantitative EDA"
   ]
  },
  {
   "cell_type": "code",
   "execution_count": 8,
   "metadata": {
    "collapsed": false
   },
   "outputs": [
    {
     "data": {
      "text/html": [
       "<div>\n",
       "<table border=\"1\" class=\"dataframe\">\n",
       "  <thead>\n",
       "    <tr style=\"text-align: right;\">\n",
       "      <th></th>\n",
       "      <th>Date</th>\n",
       "      <th>X1</th>\n",
       "      <th>X2</th>\n",
       "      <th>X3A</th>\n",
       "      <th>X3B</th>\n",
       "      <th>X3C</th>\n",
       "      <th>X4A</th>\n",
       "      <th>X4B</th>\n",
       "      <th>X4C</th>\n",
       "      <th>X5</th>\n",
       "      <th>X6A</th>\n",
       "      <th>X6B</th>\n",
       "      <th>X6C</th>\n",
       "      <th>X7</th>\n",
       "      <th>Label</th>\n",
       "    </tr>\n",
       "  </thead>\n",
       "  <tbody>\n",
       "    <tr>\n",
       "      <th>count</th>\n",
       "      <td>2.873000e+03</td>\n",
       "      <td>2.873000e+03</td>\n",
       "      <td>2873.000000</td>\n",
       "      <td>2873.000000</td>\n",
       "      <td>2873.000000</td>\n",
       "      <td>2873.000000</td>\n",
       "      <td>2873.000000</td>\n",
       "      <td>2873.000000</td>\n",
       "      <td>2873.000000</td>\n",
       "      <td>2.873000e+03</td>\n",
       "      <td>2873.000000</td>\n",
       "      <td>2873.000000</td>\n",
       "      <td>2873.000000</td>\n",
       "      <td>2873.000000</td>\n",
       "      <td>2873.000000</td>\n",
       "    </tr>\n",
       "    <tr>\n",
       "      <th>mean</th>\n",
       "      <td>2.017027e+07</td>\n",
       "      <td>9.646568e+04</td>\n",
       "      <td>3.483568</td>\n",
       "      <td>80.987386</td>\n",
       "      <td>9.582001</td>\n",
       "      <td>7.685952</td>\n",
       "      <td>0.622273</td>\n",
       "      <td>0.820762</td>\n",
       "      <td>1.011360</td>\n",
       "      <td>6.971280e+06</td>\n",
       "      <td>0.048562</td>\n",
       "      <td>0.024737</td>\n",
       "      <td>0.014404</td>\n",
       "      <td>inf</td>\n",
       "      <td>0.011504</td>\n",
       "    </tr>\n",
       "    <tr>\n",
       "      <th>std</th>\n",
       "      <td>1.107518e+02</td>\n",
       "      <td>1.211039e+05</td>\n",
       "      <td>4.971668</td>\n",
       "      <td>264.524693</td>\n",
       "      <td>341.611339</td>\n",
       "      <td>261.475330</td>\n",
       "      <td>0.481314</td>\n",
       "      <td>7.187268</td>\n",
       "      <td>7.194544</td>\n",
       "      <td>9.163320e+06</td>\n",
       "      <td>0.119415</td>\n",
       "      <td>0.076083</td>\n",
       "      <td>0.046524</td>\n",
       "      <td>NaN</td>\n",
       "      <td>0.071960</td>\n",
       "    </tr>\n",
       "    <tr>\n",
       "      <th>min</th>\n",
       "      <td>2.017010e+07</td>\n",
       "      <td>1.000000e+02</td>\n",
       "      <td>0.000000</td>\n",
       "      <td>0.000000</td>\n",
       "      <td>0.000000</td>\n",
       "      <td>0.000000</td>\n",
       "      <td>0.000508</td>\n",
       "      <td>-1.000000</td>\n",
       "      <td>-1.000000</td>\n",
       "      <td>5.059000e+03</td>\n",
       "      <td>-1.090909</td>\n",
       "      <td>-0.405063</td>\n",
       "      <td>-0.368421</td>\n",
       "      <td>0.000100</td>\n",
       "      <td>-0.700000</td>\n",
       "    </tr>\n",
       "    <tr>\n",
       "      <th>25%</th>\n",
       "      <td>2.017013e+07</td>\n",
       "      <td>4.570000e+04</td>\n",
       "      <td>1.010000</td>\n",
       "      <td>49.920000</td>\n",
       "      <td>0.140000</td>\n",
       "      <td>0.080000</td>\n",
       "      <td>0.352727</td>\n",
       "      <td>0.411849</td>\n",
       "      <td>0.488404</td>\n",
       "      <td>2.488176e+06</td>\n",
       "      <td>-0.021739</td>\n",
       "      <td>-0.018182</td>\n",
       "      <td>-0.010417</td>\n",
       "      <td>0.010200</td>\n",
       "      <td>-0.020000</td>\n",
       "    </tr>\n",
       "    <tr>\n",
       "      <th>50%</th>\n",
       "      <td>2.017030e+07</td>\n",
       "      <td>6.510000e+04</td>\n",
       "      <td>2.040000</td>\n",
       "      <td>66.970000</td>\n",
       "      <td>0.250000</td>\n",
       "      <td>0.160000</td>\n",
       "      <td>0.577052</td>\n",
       "      <td>0.648840</td>\n",
       "      <td>0.732381</td>\n",
       "      <td>4.413982e+06</td>\n",
       "      <td>0.041509</td>\n",
       "      <td>0.019417</td>\n",
       "      <td>0.011905</td>\n",
       "      <td>0.020400</td>\n",
       "      <td>0.010000</td>\n",
       "    </tr>\n",
       "    <tr>\n",
       "      <th>75%</th>\n",
       "      <td>2.017033e+07</td>\n",
       "      <td>1.083000e+05</td>\n",
       "      <td>3.810000</td>\n",
       "      <td>88.250000</td>\n",
       "      <td>0.390000</td>\n",
       "      <td>0.290000</td>\n",
       "      <td>0.771642</td>\n",
       "      <td>0.828317</td>\n",
       "      <td>0.901126</td>\n",
       "      <td>8.127087e+06</td>\n",
       "      <td>0.106667</td>\n",
       "      <td>0.063158</td>\n",
       "      <td>0.037736</td>\n",
       "      <td>0.038200</td>\n",
       "      <td>0.040000</td>\n",
       "    </tr>\n",
       "    <tr>\n",
       "      <th>max</th>\n",
       "      <td>2.017043e+07</td>\n",
       "      <td>2.802700e+06</td>\n",
       "      <td>81.080000</td>\n",
       "      <td>9999.950000</td>\n",
       "      <td>16374.380000</td>\n",
       "      <td>9939.250000</td>\n",
       "      <td>7.337066</td>\n",
       "      <td>379.000000</td>\n",
       "      <td>291.000000</td>\n",
       "      <td>1.961049e+08</td>\n",
       "      <td>1.183673</td>\n",
       "      <td>0.877551</td>\n",
       "      <td>0.551020</td>\n",
       "      <td>inf</td>\n",
       "      <td>0.680000</td>\n",
       "    </tr>\n",
       "  </tbody>\n",
       "</table>\n",
       "</div>"
      ],
      "text/plain": [
       "               Date            X1           X2          X3A           X3B  \\\n",
       "count  2.873000e+03  2.873000e+03  2873.000000  2873.000000   2873.000000   \n",
       "mean   2.017027e+07  9.646568e+04     3.483568    80.987386      9.582001   \n",
       "std    1.107518e+02  1.211039e+05     4.971668   264.524693    341.611339   \n",
       "min    2.017010e+07  1.000000e+02     0.000000     0.000000      0.000000   \n",
       "25%    2.017013e+07  4.570000e+04     1.010000    49.920000      0.140000   \n",
       "50%    2.017030e+07  6.510000e+04     2.040000    66.970000      0.250000   \n",
       "75%    2.017033e+07  1.083000e+05     3.810000    88.250000      0.390000   \n",
       "max    2.017043e+07  2.802700e+06    81.080000  9999.950000  16374.380000   \n",
       "\n",
       "               X3C          X4A          X4B          X4C            X5  \\\n",
       "count  2873.000000  2873.000000  2873.000000  2873.000000  2.873000e+03   \n",
       "mean      7.685952     0.622273     0.820762     1.011360  6.971280e+06   \n",
       "std     261.475330     0.481314     7.187268     7.194544  9.163320e+06   \n",
       "min       0.000000     0.000508    -1.000000    -1.000000  5.059000e+03   \n",
       "25%       0.080000     0.352727     0.411849     0.488404  2.488176e+06   \n",
       "50%       0.160000     0.577052     0.648840     0.732381  4.413982e+06   \n",
       "75%       0.290000     0.771642     0.828317     0.901126  8.127087e+06   \n",
       "max    9939.250000     7.337066   379.000000   291.000000  1.961049e+08   \n",
       "\n",
       "               X6A          X6B          X6C           X7        Label  \n",
       "count  2873.000000  2873.000000  2873.000000  2873.000000  2873.000000  \n",
       "mean      0.048562     0.024737     0.014404          inf     0.011504  \n",
       "std       0.119415     0.076083     0.046524          NaN     0.071960  \n",
       "min      -1.090909    -0.405063    -0.368421     0.000100    -0.700000  \n",
       "25%      -0.021739    -0.018182    -0.010417     0.010200    -0.020000  \n",
       "50%       0.041509     0.019417     0.011905     0.020400     0.010000  \n",
       "75%       0.106667     0.063158     0.037736     0.038200     0.040000  \n",
       "max       1.183673     0.877551     0.551020          inf     0.680000  "
      ]
     },
     "execution_count": 8,
     "metadata": {},
     "output_type": "execute_result"
    }
   ],
   "source": [
    "#Describe\n",
    "df_train.describe()"
   ]
  },
  {
   "cell_type": "code",
   "execution_count": 9,
   "metadata": {
    "collapsed": false
   },
   "outputs": [
    {
     "data": {
      "text/html": [
       "<div>\n",
       "<table border=\"1\" class=\"dataframe\">\n",
       "  <thead>\n",
       "    <tr style=\"text-align: right;\">\n",
       "      <th></th>\n",
       "      <th>Date</th>\n",
       "      <th>X1</th>\n",
       "      <th>X2</th>\n",
       "      <th>X3A</th>\n",
       "      <th>X3B</th>\n",
       "      <th>X3C</th>\n",
       "      <th>X4A</th>\n",
       "      <th>X4B</th>\n",
       "      <th>X4C</th>\n",
       "      <th>X5</th>\n",
       "      <th>X6A</th>\n",
       "      <th>X6B</th>\n",
       "      <th>X6C</th>\n",
       "      <th>X7</th>\n",
       "      <th>Label</th>\n",
       "    </tr>\n",
       "  </thead>\n",
       "  <tbody>\n",
       "    <tr>\n",
       "      <th>Date</th>\n",
       "      <td>1.000000</td>\n",
       "      <td>-0.025951</td>\n",
       "      <td>0.057889</td>\n",
       "      <td>-0.010912</td>\n",
       "      <td>-0.003303</td>\n",
       "      <td>-0.011518</td>\n",
       "      <td>-0.062146</td>\n",
       "      <td>-0.000179</td>\n",
       "      <td>0.001349</td>\n",
       "      <td>-0.017054</td>\n",
       "      <td>0.031245</td>\n",
       "      <td>0.001706</td>\n",
       "      <td>-0.000136</td>\n",
       "      <td>0.057573</td>\n",
       "      <td>-0.101219</td>\n",
       "    </tr>\n",
       "    <tr>\n",
       "      <th>X1</th>\n",
       "      <td>-0.025951</td>\n",
       "      <td>1.000000</td>\n",
       "      <td>0.369765</td>\n",
       "      <td>0.050181</td>\n",
       "      <td>0.051927</td>\n",
       "      <td>0.060750</td>\n",
       "      <td>0.344406</td>\n",
       "      <td>0.026983</td>\n",
       "      <td>0.013400</td>\n",
       "      <td>0.827705</td>\n",
       "      <td>0.204267</td>\n",
       "      <td>0.220300</td>\n",
       "      <td>0.261155</td>\n",
       "      <td>0.369400</td>\n",
       "      <td>0.214303</td>\n",
       "    </tr>\n",
       "    <tr>\n",
       "      <th>X2</th>\n",
       "      <td>0.057889</td>\n",
       "      <td>0.369765</td>\n",
       "      <td>1.000000</td>\n",
       "      <td>0.127957</td>\n",
       "      <td>0.146090</td>\n",
       "      <td>0.131493</td>\n",
       "      <td>0.200945</td>\n",
       "      <td>0.011766</td>\n",
       "      <td>0.008047</td>\n",
       "      <td>0.398436</td>\n",
       "      <td>0.228761</td>\n",
       "      <td>0.185478</td>\n",
       "      <td>0.161093</td>\n",
       "      <td>1.000000</td>\n",
       "      <td>0.187344</td>\n",
       "    </tr>\n",
       "    <tr>\n",
       "      <th>X3A</th>\n",
       "      <td>-0.010912</td>\n",
       "      <td>0.050181</td>\n",
       "      <td>0.127957</td>\n",
       "      <td>1.000000</td>\n",
       "      <td>0.938474</td>\n",
       "      <td>0.989207</td>\n",
       "      <td>0.068694</td>\n",
       "      <td>0.004401</td>\n",
       "      <td>0.003128</td>\n",
       "      <td>0.126169</td>\n",
       "      <td>0.104618</td>\n",
       "      <td>0.146011</td>\n",
       "      <td>0.124728</td>\n",
       "      <td>0.127940</td>\n",
       "      <td>0.168179</td>\n",
       "    </tr>\n",
       "    <tr>\n",
       "      <th>X3B</th>\n",
       "      <td>-0.003303</td>\n",
       "      <td>0.051927</td>\n",
       "      <td>0.146090</td>\n",
       "      <td>0.938474</td>\n",
       "      <td>1.000000</td>\n",
       "      <td>0.949627</td>\n",
       "      <td>0.087795</td>\n",
       "      <td>0.002198</td>\n",
       "      <td>-0.000855</td>\n",
       "      <td>0.063801</td>\n",
       "      <td>0.101456</td>\n",
       "      <td>0.146172</td>\n",
       "      <td>0.104015</td>\n",
       "      <td>0.146107</td>\n",
       "      <td>0.139351</td>\n",
       "    </tr>\n",
       "    <tr>\n",
       "      <th>X3C</th>\n",
       "      <td>-0.011518</td>\n",
       "      <td>0.060750</td>\n",
       "      <td>0.131493</td>\n",
       "      <td>0.989207</td>\n",
       "      <td>0.949627</td>\n",
       "      <td>1.000000</td>\n",
       "      <td>0.076265</td>\n",
       "      <td>0.001684</td>\n",
       "      <td>-0.000880</td>\n",
       "      <td>0.086623</td>\n",
       "      <td>0.101862</td>\n",
       "      <td>0.139547</td>\n",
       "      <td>0.115954</td>\n",
       "      <td>0.131505</td>\n",
       "      <td>0.168594</td>\n",
       "    </tr>\n",
       "    <tr>\n",
       "      <th>X4A</th>\n",
       "      <td>-0.062146</td>\n",
       "      <td>0.344406</td>\n",
       "      <td>0.200945</td>\n",
       "      <td>0.068694</td>\n",
       "      <td>0.087795</td>\n",
       "      <td>0.076265</td>\n",
       "      <td>1.000000</td>\n",
       "      <td>0.059481</td>\n",
       "      <td>0.065178</td>\n",
       "      <td>0.322830</td>\n",
       "      <td>0.111154</td>\n",
       "      <td>0.127729</td>\n",
       "      <td>0.132111</td>\n",
       "      <td>0.200226</td>\n",
       "      <td>0.130974</td>\n",
       "    </tr>\n",
       "    <tr>\n",
       "      <th>X4B</th>\n",
       "      <td>-0.000179</td>\n",
       "      <td>0.026983</td>\n",
       "      <td>0.011766</td>\n",
       "      <td>0.004401</td>\n",
       "      <td>0.002198</td>\n",
       "      <td>0.001684</td>\n",
       "      <td>0.059481</td>\n",
       "      <td>1.000000</td>\n",
       "      <td>-0.002169</td>\n",
       "      <td>0.039649</td>\n",
       "      <td>-0.027958</td>\n",
       "      <td>0.001445</td>\n",
       "      <td>0.014013</td>\n",
       "      <td>0.011651</td>\n",
       "      <td>-0.000592</td>\n",
       "    </tr>\n",
       "    <tr>\n",
       "      <th>X4C</th>\n",
       "      <td>0.001349</td>\n",
       "      <td>0.013400</td>\n",
       "      <td>0.008047</td>\n",
       "      <td>0.003128</td>\n",
       "      <td>-0.000855</td>\n",
       "      <td>-0.000880</td>\n",
       "      <td>0.065178</td>\n",
       "      <td>-0.002169</td>\n",
       "      <td>1.000000</td>\n",
       "      <td>0.022778</td>\n",
       "      <td>0.004741</td>\n",
       "      <td>0.012033</td>\n",
       "      <td>0.017637</td>\n",
       "      <td>0.007912</td>\n",
       "      <td>-0.001273</td>\n",
       "    </tr>\n",
       "    <tr>\n",
       "      <th>X5</th>\n",
       "      <td>-0.017054</td>\n",
       "      <td>0.827705</td>\n",
       "      <td>0.398436</td>\n",
       "      <td>0.126169</td>\n",
       "      <td>0.063801</td>\n",
       "      <td>0.086623</td>\n",
       "      <td>0.322830</td>\n",
       "      <td>0.039649</td>\n",
       "      <td>0.022778</td>\n",
       "      <td>1.000000</td>\n",
       "      <td>0.228621</td>\n",
       "      <td>0.254262</td>\n",
       "      <td>0.303559</td>\n",
       "      <td>0.398102</td>\n",
       "      <td>0.235790</td>\n",
       "    </tr>\n",
       "    <tr>\n",
       "      <th>X6A</th>\n",
       "      <td>0.031245</td>\n",
       "      <td>0.204267</td>\n",
       "      <td>0.228761</td>\n",
       "      <td>0.104618</td>\n",
       "      <td>0.101456</td>\n",
       "      <td>0.101862</td>\n",
       "      <td>0.111154</td>\n",
       "      <td>-0.027958</td>\n",
       "      <td>0.004741</td>\n",
       "      <td>0.228621</td>\n",
       "      <td>1.000000</td>\n",
       "      <td>0.662522</td>\n",
       "      <td>0.437983</td>\n",
       "      <td>0.228469</td>\n",
       "      <td>-0.096230</td>\n",
       "    </tr>\n",
       "    <tr>\n",
       "      <th>X6B</th>\n",
       "      <td>0.001706</td>\n",
       "      <td>0.220300</td>\n",
       "      <td>0.185478</td>\n",
       "      <td>0.146011</td>\n",
       "      <td>0.146172</td>\n",
       "      <td>0.139547</td>\n",
       "      <td>0.127729</td>\n",
       "      <td>0.001445</td>\n",
       "      <td>0.012033</td>\n",
       "      <td>0.254262</td>\n",
       "      <td>0.662522</td>\n",
       "      <td>1.000000</td>\n",
       "      <td>0.657484</td>\n",
       "      <td>0.185128</td>\n",
       "      <td>-0.054533</td>\n",
       "    </tr>\n",
       "    <tr>\n",
       "      <th>X6C</th>\n",
       "      <td>-0.000136</td>\n",
       "      <td>0.261155</td>\n",
       "      <td>0.161093</td>\n",
       "      <td>0.124728</td>\n",
       "      <td>0.104015</td>\n",
       "      <td>0.115954</td>\n",
       "      <td>0.132111</td>\n",
       "      <td>0.014013</td>\n",
       "      <td>0.017637</td>\n",
       "      <td>0.303559</td>\n",
       "      <td>0.437983</td>\n",
       "      <td>0.657484</td>\n",
       "      <td>1.000000</td>\n",
       "      <td>0.160895</td>\n",
       "      <td>-0.017037</td>\n",
       "    </tr>\n",
       "    <tr>\n",
       "      <th>X7</th>\n",
       "      <td>0.057573</td>\n",
       "      <td>0.369400</td>\n",
       "      <td>1.000000</td>\n",
       "      <td>0.127940</td>\n",
       "      <td>0.146107</td>\n",
       "      <td>0.131505</td>\n",
       "      <td>0.200226</td>\n",
       "      <td>0.011651</td>\n",
       "      <td>0.007912</td>\n",
       "      <td>0.398102</td>\n",
       "      <td>0.228469</td>\n",
       "      <td>0.185128</td>\n",
       "      <td>0.160895</td>\n",
       "      <td>1.000000</td>\n",
       "      <td>0.186959</td>\n",
       "    </tr>\n",
       "    <tr>\n",
       "      <th>Label</th>\n",
       "      <td>-0.101219</td>\n",
       "      <td>0.214303</td>\n",
       "      <td>0.187344</td>\n",
       "      <td>0.168179</td>\n",
       "      <td>0.139351</td>\n",
       "      <td>0.168594</td>\n",
       "      <td>0.130974</td>\n",
       "      <td>-0.000592</td>\n",
       "      <td>-0.001273</td>\n",
       "      <td>0.235790</td>\n",
       "      <td>-0.096230</td>\n",
       "      <td>-0.054533</td>\n",
       "      <td>-0.017037</td>\n",
       "      <td>0.186959</td>\n",
       "      <td>1.000000</td>\n",
       "    </tr>\n",
       "  </tbody>\n",
       "</table>\n",
       "</div>"
      ],
      "text/plain": [
       "           Date        X1        X2       X3A       X3B       X3C       X4A  \\\n",
       "Date   1.000000 -0.025951  0.057889 -0.010912 -0.003303 -0.011518 -0.062146   \n",
       "X1    -0.025951  1.000000  0.369765  0.050181  0.051927  0.060750  0.344406   \n",
       "X2     0.057889  0.369765  1.000000  0.127957  0.146090  0.131493  0.200945   \n",
       "X3A   -0.010912  0.050181  0.127957  1.000000  0.938474  0.989207  0.068694   \n",
       "X3B   -0.003303  0.051927  0.146090  0.938474  1.000000  0.949627  0.087795   \n",
       "X3C   -0.011518  0.060750  0.131493  0.989207  0.949627  1.000000  0.076265   \n",
       "X4A   -0.062146  0.344406  0.200945  0.068694  0.087795  0.076265  1.000000   \n",
       "X4B   -0.000179  0.026983  0.011766  0.004401  0.002198  0.001684  0.059481   \n",
       "X4C    0.001349  0.013400  0.008047  0.003128 -0.000855 -0.000880  0.065178   \n",
       "X5    -0.017054  0.827705  0.398436  0.126169  0.063801  0.086623  0.322830   \n",
       "X6A    0.031245  0.204267  0.228761  0.104618  0.101456  0.101862  0.111154   \n",
       "X6B    0.001706  0.220300  0.185478  0.146011  0.146172  0.139547  0.127729   \n",
       "X6C   -0.000136  0.261155  0.161093  0.124728  0.104015  0.115954  0.132111   \n",
       "X7     0.057573  0.369400  1.000000  0.127940  0.146107  0.131505  0.200226   \n",
       "Label -0.101219  0.214303  0.187344  0.168179  0.139351  0.168594  0.130974   \n",
       "\n",
       "            X4B       X4C        X5       X6A       X6B       X6C        X7  \\\n",
       "Date  -0.000179  0.001349 -0.017054  0.031245  0.001706 -0.000136  0.057573   \n",
       "X1     0.026983  0.013400  0.827705  0.204267  0.220300  0.261155  0.369400   \n",
       "X2     0.011766  0.008047  0.398436  0.228761  0.185478  0.161093  1.000000   \n",
       "X3A    0.004401  0.003128  0.126169  0.104618  0.146011  0.124728  0.127940   \n",
       "X3B    0.002198 -0.000855  0.063801  0.101456  0.146172  0.104015  0.146107   \n",
       "X3C    0.001684 -0.000880  0.086623  0.101862  0.139547  0.115954  0.131505   \n",
       "X4A    0.059481  0.065178  0.322830  0.111154  0.127729  0.132111  0.200226   \n",
       "X4B    1.000000 -0.002169  0.039649 -0.027958  0.001445  0.014013  0.011651   \n",
       "X4C   -0.002169  1.000000  0.022778  0.004741  0.012033  0.017637  0.007912   \n",
       "X5     0.039649  0.022778  1.000000  0.228621  0.254262  0.303559  0.398102   \n",
       "X6A   -0.027958  0.004741  0.228621  1.000000  0.662522  0.437983  0.228469   \n",
       "X6B    0.001445  0.012033  0.254262  0.662522  1.000000  0.657484  0.185128   \n",
       "X6C    0.014013  0.017637  0.303559  0.437983  0.657484  1.000000  0.160895   \n",
       "X7     0.011651  0.007912  0.398102  0.228469  0.185128  0.160895  1.000000   \n",
       "Label -0.000592 -0.001273  0.235790 -0.096230 -0.054533 -0.017037  0.186959   \n",
       "\n",
       "          Label  \n",
       "Date  -0.101219  \n",
       "X1     0.214303  \n",
       "X2     0.187344  \n",
       "X3A    0.168179  \n",
       "X3B    0.139351  \n",
       "X3C    0.168594  \n",
       "X4A    0.130974  \n",
       "X4B   -0.000592  \n",
       "X4C   -0.001273  \n",
       "X5     0.235790  \n",
       "X6A   -0.096230  \n",
       "X6B   -0.054533  \n",
       "X6C   -0.017037  \n",
       "X7     0.186959  \n",
       "Label  1.000000  "
      ]
     },
     "execution_count": 9,
     "metadata": {},
     "output_type": "execute_result"
    }
   ],
   "source": [
    "#Correlation with All\n",
    "df_train.corr()"
   ]
  },
  {
   "cell_type": "code",
   "execution_count": 10,
   "metadata": {
    "collapsed": false
   },
   "outputs": [
    {
     "data": {
      "text/plain": [
       "Date    -0.101219\n",
       "X1       0.214303\n",
       "X2       0.187344\n",
       "X3A      0.168179\n",
       "X3B      0.139351\n",
       "X3C      0.168594\n",
       "X4A      0.130974\n",
       "X4B     -0.000592\n",
       "X4C     -0.001273\n",
       "X5       0.235790\n",
       "X6A     -0.096230\n",
       "X6B     -0.054533\n",
       "X6C     -0.017037\n",
       "X7       0.186959\n",
       "Label    1.000000\n",
       "Name: Label, dtype: float64"
      ]
     },
     "execution_count": 10,
     "metadata": {},
     "output_type": "execute_result"
    }
   ],
   "source": [
    "#Correlation with Label\n",
    "df_train.corr()['Label']"
   ]
  },
  {
   "cell_type": "code",
   "execution_count": 11,
   "metadata": {
    "collapsed": false
   },
   "outputs": [
    {
     "data": {
